(-3520.0 -256.0 512.0) (-3520.0 768.0 512.0) (-2560.0 768.0 512.0)
(-3520.0 768.0 256.0) (-3520.0 -256.0 256.0) (-2560.0 -256.0 256.0)
(-3520.0 -256.0 512.0) (-3520.0 -256.0 256.0) (-3520.0 768.0 256.0)
(-2560.0 768.0 512.0) (-2560.0 768.0 256.0) (-2560.0 -256.0 256.0)
(-2560.0 -256.0 512.0) (-2560.0 -256.0 256.0) (-3520.0 -256.0 256.0)
(-3520.0 768.0 512.0) (-3520.0 768.0 256.0) (-2560.0 768.0 256.0)
(-1024.0 -2368.0 384.0) (-1024.0 -2368.0 128.0) (64.0 -2368.0 128.0)
(64.0 -3456.0 384.0) (64.0 -3456.0 128.0) (-1024.0 -3456.0 128.0)
(-1024.0 -3456.0 384.0) (-1024.0 -2368.0 384.0) (64.0 -2368.0 384.0)
(-1024.0 -2368.0 128.0) (-1024.0 -3456.0 128.0) (64.0 -3456.0 128.0)
(64.0 -2368.0 384.0) (64.0 -2368.0 128.0) (64.0 -3456.0 128.0)
(-1024.0 -3456.0 384.0) (-1024.0 -3456.0 128.0) (-1024.0 -2368.0 128.0)
(1088.0 -4544.0 512.0) (1088.0 -3200.0 512.0) (2304.0 -3200.0 512.0)
(1088.0 -3200.0 256.0) (1088.0 -4544.0 256.0) (2304.0 -4544.0 256.0)
(2304.0 -3200.0 512.0) (2304.0 -3200.0 256.0) (2304.0 -4544.0 256.0)
(1088.0 -4544.0 512.0) (1088.0 -4544.0 256.0) (1088.0 -3200.0 256.0)
(1088.0 -3200.0 512.0) (1088.0 -3200.0 256.0) (2304.0 -3200.0 256.0)
(2304.0 -4544.0 512.0) (2304.0 -4544.0 256.0) (1088.0 -4544.0 256.0)
(2688.0 -2944.0 256.0) (2688.0 -4096.0 256.0) (3776.0 -4096.0 256.0)
(2688.0 -4096.0 512.0) (2688.0 -2944.0 512.0) (3776.0 -2944.0 512.0)
(3776.0 -4096.0 512.0) (3776.0 -4096.0 256.0) (2688.0 -4096.0 256.0)
(2688.0 -2944.0 512.0) (2688.0 -2944.0 256.0) (3776.0 -2944.0 256.0)
(3776.0 -2944.0 512.0) (3776.0 -2944.0 256.0) (3776.0 -4096.0 256.0)
(2688.0 -4096.0 512.0) (2688.0 -4096.0 256.0) (2688.0 -2944.0 256.0)
(3776.0 -5312.0 512.0) (3776.0 -5312.0 256.0) (2240.0 -5312.0 256.0)
(2240.0 -4288.0 512.0) (2240.0 -4288.0 256.0) (3776.0 -4288.0 256.0)
(2240.0 -5312.0 512.0) (2240.0 -5312.0 256.0) (2240.0 -4288.0 256.0)
(3776.0 -4288.0 512.0) (3776.0 -4288.0 256.0) (3776.0 -5312.0 256.0)
(2240.0 -4288.0 256.0) (2240.0 -5312.0 256.0) (3776.0 -5312.0 256.0)
(2240.0 -5312.0 512.0) (2240.0 -4288.0 512.0) (3776.0 -4288.0 512.0)
(3904.0 -1536.0 128.0) (3904.0 -2560.0 128.0) (4928.0 -2560.0 128.0)
(3904.0 -2560.0 384.0) (3904.0 -1536.0 384.0) (4928.0 -1536.0 384.0)
(4928.0 -2560.0 384.0) (4928.0 -2560.0 128.0) (3904.0 -2560.0 128.0)
(3904.0 -1536.0 384.0) (3904.0 -1536.0 128.0) (4928.0 -1536.0 128.0)
(3904.0 -2560.0 384.0) (3904.0 -2560.0 128.0) (3904.0 -1536.0 128.0)
(4928.0 -1536.0 384.0) (4928.0 -1536.0 128.0) (4928.0 -2560.0 128.0)
(448.0 2816.0 512.0) (448.0 3776.0 512.0) (1664.0 3776.0 512.0)
(448.0 3776.0 256.0) (448.0 2816.0 256.0) (1664.0 2816.0 256.0)
(448.0 3776.0 512.0) (448.0 3776.0 256.0) (1664.0 3776.0 256.0)
(1664.0 2816.0 512.0) (1664.0 2816.0 256.0) (448.0 2816.0 256.0)
(1664.0 3776.0 512.0) (1664.0 3776.0 256.0) (1664.0 2816.0 256.0)
(448.0 2816.0 512.0) (448.0 2816.0 256.0) (448.0 3776.0 256.0)
(0.0 4096.0 512.0) (0.0 4096.0 256.0) (0.0 3200.0 256.0)
(-832.0 3200.0 512.0) (-832.0 3200.0 256.0) (-832.0 4096.0 256.0)
(-832.0 3200.0 512.0) (-832.0 4096.0 512.0) (0.0 4096.0 512.0)
(-832.0 4096.0 256.0) (-832.0 3200.0 256.0) (0.0 3200.0 256.0)
(-832.0 4096.0 512.0) (-832.0 4096.0 256.0) (0.0 4096.0 256.0)
(0.0 3200.0 512.0) (0.0 3200.0 256.0) (-832.0 3200.0 256.0)
(-1920.0 3136.0 128.0) (-1920.0 2304.0 128.0) (-960.0 2304.0 128.0)
(-1920.0 2304.0 384.0) (-1920.0 3136.0 384.0) (-960.0 3136.0 384.0)
(-1920.0 3136.0 384.0) (-1920.0 3136.0 128.0) (-960.0 3136.0 128.0)
(-960.0 2304.0 384.0) (-960.0 2304.0 128.0) (-1920.0 2304.0 128.0)
(-960.0 3136.0 384.0) (-960.0 3136.0 128.0) (-960.0 2304.0 128.0)
(-1920.0 2304.0 384.0) (-1920.0 2304.0 128.0) (-1920.0 3136.0 128.0)
(-5056.0 3264.0 512.0) (-5056.0 3264.0 256.0) (-5056.0 4352.0 256.0)
(-3712.0 4352.0 512.0) (-3712.0 4352.0 256.0) (-3712.0 3264.0 256.0)
(-3712.0 3264.0 512.0) (-3712.0 3264.0 256.0) (-5056.0 3264.0 256.0)
(-5056.0 4352.0 512.0) (-5056.0 4352.0 256.0) (-3712.0 4352.0 256.0)
(-5056.0 4352.0 256.0) (-5056.0 3264.0 256.0) (-3712.0 3264.0 256.0)
(-5056.0 3264.0 512.0) (-5056.0 4352.0 512.0) (-3712.0 4352.0 512.0)
(-3456.0 3968.0 512.0) (-3456.0 3968.0 256.0) (-3456.0 4928.0 256.0)
(-2688.0 4928.0 512.0) (-2688.0 4928.0 256.0) (-2688.0 3968.0 256.0)
(-2688.0 3968.0 512.0) (-2688.0 3968.0 256.0) (-3456.0 3968.0 256.0)
(-3456.0 4928.0 512.0) (-3456.0 4928.0 256.0) (-2688.0 4928.0 256.0)
(-3456.0 4928.0 256.0) (-3456.0 3968.0 256.0) (-2688.0 3968.0 256.0)
(-3456.0 3968.0 512.0) (-3456.0 4928.0 512.0) (-2688.0 4928.0 512.0)
(-1728.0 -4224.0 576.0) (-1728.0 -3520.0 576.0) (-1344.0 -3520.0 576.0)
(-1728.0 -3520.0 128.0) (-1728.0 -4224.0 128.0) (-1344.0 -4224.0 128.0)
(-1728.0 -3520.0 576.0) (-1728.0 -3520.0 128.0) (-1344.0 -3520.0 128.0)
(-1344.0 -4224.0 576.0) (-1344.0 -4224.0 128.0) (-1728.0 -4224.0 128.0)
(-1728.0 -4224.0 576.0) (-1728.0 -4224.0 128.0) (-1728.0 -3520.0 128.0)
(-1344.0 -3520.0 576.0) (-1344.0 -3520.0 128.0) (-1344.0 -4224.0 128.0)
(-1344.0 -3520.0 576.0) (-1344.0 -3520.0 128.0) (-704.0 -3520.0 128.0)
(-704.0 -4480.0 576.0) (-704.0 -4480.0 128.0) (-1344.0 -4480.0 128.0)
(-704.0 -3520.0 576.0) (-704.0 -3520.0 128.0) (-704.0 -4480.0 128.0)
(-1344.0 -4480.0 576.0) (-1344.0 -4480.0 128.0) (-1344.0 -3520.0 128.0)
(-1344.0 -4480.0 576.0) (-1344.0 -3520.0 576.0) (-704.0 -3520.0 576.0)
(-1344.0 -3520.0 128.0) (-1344.0 -4480.0 128.0) (-704.0 -4480.0 128.0)
(2432.0 -2432.0 384.0) (2432.0 -2432.0 -64.0) (2752.0 -2432.0 -64.0)
(2752.0 -3008.0 384.0) (2752.0 -3008.0 -64.0) (2432.0 -3008.0 -64.0)
(2752.0 -2432.0 384.0) (2752.0 -2432.0 -64.0) (2752.0 -3008.0 -64.0)
(2432.0 -3008.0 384.0) (2432.0 -3008.0 -64.0) (2432.0 -2432.0 -64.0)
(2432.0 -3008.0 384.0) (2432.0 -2432.0 384.0) (2752.0 -2432.0 384.0)
(2432.0 -2432.0 -64.0) (2432.0 -3008.0 -64.0) (2752.0 -3008.0 -64.0)
(-4224.0 1792.0 448.0) (-4224.0 2240.0 448.0) (-3136.0 2240.0 448.0)
(-4224.0 2240.0 -64.0) (-4224.0 1792.0 -64.0) (-3136.0 1792.0 -64.0)
(-4224.0 2240.0 448.0) (-4224.0 2240.0 -64.0) (-3136.0 2240.0 -64.0)
(-3136.0 1792.0 448.0) (-3136.0 1792.0 -64.0) (-4224.0 1792.0 -64.0)
(-3136.0 2240.0 448.0) (-3136.0 2240.0 -64.0) (-3136.0 1792.0 -64.0)
(-4224.0 1792.0 448.0) (-4224.0 1792.0 -64.0) (-4224.0 2240.0 -64.0)
(3200.0 -2368.0 384.0) (3200.0 -1920.0 384.0) (3584.0 -1920.0 384.0)
(3200.0 -1920.0 -64.0) (3200.0 -2368.0 -64.0) (3584.0 -2368.0 -64.0)
(3200.0 -1920.0 384.0) (3200.0 -1920.0 -64.0) (3584.0 -1920.0 -64.0)
(3584.0 -2368.0 384.0) (3584.0 -2368.0 -64.0) (3200.0 -2368.0 -64.0)
(3584.0 -1920.0 384.0) (3584.0 -1920.0 -64.0) (3584.0 -2368.0 -64.0)
(3200.0 -2368.0 384.0) (3200.0 -2368.0 -64.0) (3200.0 -1920.0 -64.0)
(-1920.0 2752.0 448.0) (-1920.0 2752.0 -64.0) (-1920.0 2112.0 -64.0)
(-2304.0 2112.0 448.0) (-2304.0 2112.0 -64.0) (-2304.0 2752.0 -64.0)
(-2304.0 2112.0 448.0) (-2304.0 2752.0 448.0) (-1920.0 2752.0 448.0)
(-2304.0 2752.0 -64.0) (-2304.0 2112.0 -64.0) (-1920.0 2112.0 -64.0)
(-2304.0 2752.0 448.0) (-2304.0 2752.0 -64.0) (-1920.0 2752.0 -64.0)
(-1920.0 2112.0 448.0) (-1920.0 2112.0 -64.0) (-2304.0 2112.0 -64.0)
(-2368.0 2752.0 -64.0) (-2368.0 2240.0 -64.0) (-2304.0 2240.0 -64.0)
(-2368.0 2240.0 448.0) (-2368.0 2752.0 448.0) (-2304.0 2752.0 448.0)
(-2368.0 2752.0 448.0) (-2368.0 2752.0 -64.0) (-2304.0 2752.0 -64.0)
(-2304.0 2240.0 448.0) (-2304.0 2240.0 -64.0) (-2368.0 2240.0 -64.0)
(-2304.0 2752.0 448.0) (-2304.0 2752.0 -64.0) (-2304.0 2240.0 -64.0)
(-2368.0 2240.0 448.0) (-2368.0 2240.0 -64.0) (-2368.0 2752.0 -64.0)
(-4224.0 2304.0 -64.0) (-4224.0 2240.0 -64.0) (-3200.0 2240.0 -64.0)
(-4224.0 2240.0 448.0) (-4224.0 2304.0 448.0) (-3200.0 2304.0 448.0)
(-3200.0 2240.0 448.0) (-3200.0 2240.0 -64.0) (-4224.0 2240.0 -64.0)
(-4224.0 2304.0 448.0) (-4224.0 2304.0 -64.0) (-3200.0 2304.0 -64.0)
(-4224.0 2240.0 448.0) (-4224.0 2240.0 -64.0) (-4224.0 2304.0 -64.0)
(-3200.0 2304.0 448.0) (-3200.0 2304.0 -64.0) (-3200.0 2240.0 -64.0)
