box -3520.0 -256.0 522.0 -2560.0 768.0 522.0
box -3520.0 768.0 266.0 -2560.0 -256.0 266.0
box -3520.0 -256.0 522.0 -3520.0 768.0 266.0
box -2560.0 768.0 522.0 -2560.0 -256.0 266.0
box -2560.0 -256.0 522.0 -3520.0 -256.0 266.0
box -3520.0 768.0 522.0 -2560.0 768.0 266.0

box -1024.0 -2368.0 394.0 64.0 -2368.0 138.0
box 64.0 -3456.0 394.0 -1024.0 -3456.0 138.0
box -1024.0 -3456.0 394.0 64.0 -2368.0 394.0
box -1024.0 -2368.0 138.0 64.0 -3456.0 138.0
box 64.0 -2368.0 394.0 64.0 -3456.0 138.0
box -1024.0 -3456.0 394.0 -1024.0 -2368.0 138.0

box 1088.0 -4544.0 522.0 2304.0 -3200.0 522.0
box 1088.0 -3200.0 266.0 2304.0 -4544.0 266.0
box 2304.0 -3200.0 522.0 2304.0 -4544.0 266.0
box 1088.0 -4544.0 522.0 1088.0 -3200.0 266.0
box 1088.0 -3200.0 522.0 2304.0 -3200.0 266.0
box 2304.0 -4544.0 522.0 1088.0 -4544.0 266.0

box 2688.0 -2944.0 266.0 3776.0 -4096.0 266.0
box 2688.0 -4096.0 522.0 3776.0 -2944.0 522.0
box 3776.0 -4096.0 522.0 2688.0 -4096.0 266.0
box 2688.0 -2944.0 522.0 3776.0 -2944.0 266.0
box 3776.0 -2944.0 522.0 3776.0 -4096.0 266.0
box 2688.0 -4096.0 522.0 2688.0 -2944.0 266.0

box 3776.0 -5312.0 522.0 2240.0 -5312.0 266.0
box 2240.0 -4288.0 522.0 3776.0 -4288.0 266.0
box 2240.0 -5312.0 522.0 2240.0 -4288.0 266.0
box 3776.0 -4288.0 522.0 3776.0 -5312.0 266.0
box 2240.0 -4288.0 266.0 3776.0 -5312.0 266.0
box 2240.0 -5312.0 522.0 3776.0 -4288.0 522.0

box 3904.0 -1536.0 138.0 4928.0 -2560.0 138.0
box 3904.0 -2560.0 394.0 4928.0 -1536.0 394.0
box 4928.0 -2560.0 394.0 3904.0 -2560.0 138.0
box 3904.0 -1536.0 394.0 4928.0 -1536.0 138.0
box 3904.0 -2560.0 394.0 3904.0 -1536.0 138.0
box 4928.0 -1536.0 394.0 4928.0 -2560.0 138.0

box 448.0 2816.0 522.0 1664.0 3776.0 522.0
box 448.0 3776.0 266.0 1664.0 2816.0 266.0
box 448.0 3776.0 522.0 1664.0 3776.0 266.0
box 1664.0 2816.0 522.0 448.0 2816.0 266.0
box 1664.0 3776.0 522.0 1664.0 2816.0 266.0
box 448.0 2816.0 522.0 448.0 3776.0 266.0

box 0.0 4096.0 522.0 0.0 3200.0 266.0
box -832.0 3200.0 522.0 -832.0 4096.0 266.0
box -832.0 3200.0 522.0 0.0 4096.0 522.0
box -832.0 4096.0 266.0 0.0 3200.0 266.0
box -832.0 4096.0 522.0 0.0 4096.0 266.0
box 0.0 3200.0 522.0 -832.0 3200.0 266.0

box -1920.0 3136.0 138.0 -960.0 2304.0 138.0
box -1920.0 2304.0 394.0 -960.0 3136.0 394.0
box -1920.0 3136.0 394.0 -960.0 3136.0 138.0
box -960.0 2304.0 394.0 -1920.0 2304.0 138.0
box -960.0 3136.0 394.0 -960.0 2304.0 138.0
box -1920.0 2304.0 394.0 -1920.0 3136.0 138.0

box -5056.0 3264.0 522.0 -5056.0 4352.0 266.0
box -3712.0 4352.0 522.0 -3712.0 3264.0 266.0
box -3712.0 3264.0 522.0 -5056.0 3264.0 266.0
box -5056.0 4352.0 522.0 -3712.0 4352.0 266.0
box -5056.0 4352.0 266.0 -3712.0 3264.0 266.0
box -5056.0 3264.0 522.0 -3712.0 4352.0 522.0

box -3456.0 3968.0 522.0 -3456.0 4928.0 266.0
box -2688.0 4928.0 522.0 -2688.0 3968.0 266.0
box -2688.0 3968.0 522.0 -3456.0 3968.0 266.0
box -3456.0 4928.0 522.0 -2688.0 4928.0 266.0
box -3456.0 4928.0 266.0 -2688.0 3968.0 266.0
box -3456.0 3968.0 522.0 -2688.0 4928.0 522.0

box -1728.0 -4224.0 586.0 -1344.0 -3520.0 586.0
box -1728.0 -3520.0 138.0 -1344.0 -4224.0 138.0
box -1728.0 -3520.0 586.0 -1344.0 -3520.0 138.0
box -1344.0 -4224.0 586.0 -1728.0 -4224.0 138.0
box -1728.0 -4224.0 586.0 -1728.0 -3520.0 138.0
box -1344.0 -3520.0 586.0 -1344.0 -4224.0 138.0

box -1344.0 -3520.0 586.0 -704.0 -3520.0 138.0
box -704.0 -4480.0 586.0 -1344.0 -4480.0 138.0
box -704.0 -3520.0 586.0 -704.0 -4480.0 138.0
box -1344.0 -4480.0 586.0 -1344.0 -3520.0 138.0
box -1344.0 -4480.0 586.0 -704.0 -3520.0 586.0
box -1344.0 -3520.0 138.0 -704.0 -4480.0 138.0

box 2432.0 -2432.0 394.0 2752.0 -2432.0 -54.0
box 2752.0 -3008.0 394.0 2432.0 -3008.0 -54.0
box 2752.0 -2432.0 394.0 2752.0 -3008.0 -54.0
box 2432.0 -3008.0 394.0 2432.0 -2432.0 -54.0
box 2432.0 -3008.0 394.0 2752.0 -2432.0 394.0
box 2432.0 -2432.0 -54.0 2752.0 -3008.0 -54.0

box -4224.0 1792.0 458.0 -3136.0 2240.0 458.0
box -4224.0 2240.0 -54.0 -3136.0 1792.0 -54.0
box -4224.0 2240.0 458.0 -3136.0 2240.0 -54.0
box -3136.0 1792.0 458.0 -4224.0 1792.0 -54.0
box -3136.0 2240.0 458.0 -3136.0 1792.0 -54.0
box -4224.0 1792.0 458.0 -4224.0 2240.0 -54.0

box 3200.0 -2368.0 394.0 3584.0 -1920.0 394.0
box 3200.0 -1920.0 -54.0 3584.0 -2368.0 -54.0
box 3200.0 -1920.0 394.0 3584.0 -1920.0 -54.0
box 3584.0 -2368.0 394.0 3200.0 -2368.0 -54.0
box 3584.0 -1920.0 394.0 3584.0 -2368.0 -54.0
box 3200.0 -2368.0 394.0 3200.0 -1920.0 -54.0

box -1920.0 2752.0 458.0 -1920.0 2112.0 -54.0
box -2304.0 2112.0 458.0 -2304.0 2752.0 -54.0
box -2304.0 2112.0 458.0 -1920.0 2752.0 458.0
box -2304.0 2752.0 -54.0 -1920.0 2112.0 -54.0
box -2304.0 2752.0 458.0 -1920.0 2752.0 -54.0
box -1920.0 2112.0 458.0 -2304.0 2112.0 -54.0

box -2368.0 2752.0 -54.0 -2304.0 2240.0 -54.0
box -2368.0 2240.0 458.0 -2304.0 2752.0 458.0
box -2368.0 2752.0 458.0 -2304.0 2752.0 -54.0
box -2304.0 2240.0 458.0 -2368.0 2240.0 -54.0
box -2304.0 2752.0 458.0 -2304.0 2240.0 -54.0
box -2368.0 2240.0 458.0 -2368.0 2752.0 -54.0

box -4224.0 2304.0 -54.0 -3200.0 2240.0 -54.0
box -4224.0 2240.0 458.0 -3200.0 2304.0 458.0
box -3200.0 2240.0 458.0 -4224.0 2240.0 -54.0
box -4224.0 2304.0 458.0 -3200.0 2304.0 -54.0
box -4224.0 2240.0 458.0 -4224.0 2304.0 -54.0
box -3200.0 2304.0 458.0 -3200.0 2240.0 -54.0

