-1512.040283 -1392.580688 138.0 900  20 radiant_mid_t1_attack
-1512.040283 -1392.580688 138.0 950  20 radiant_mid_t1_reveal
-1512.040283 -1392.580688 138.0 800  20 radiant_mid_t1_night
-1512.040283 -1392.580688 138.0 1800 20 radiant_mid_t1_day

-3513.854248 -2793.355469 138.0 900  20 radiant_mid_t2_attack
-3513.854248 -2793.355469 138.0 950  20 radiant_mid_t2_reveal
-3513.854248 -2793.355469 138.0 800  20 radiant_mid_t2_night
-3513.854248 -2793.355469 138.0 1800 20 radiant_mid_t2_day

-4590.590332 -4094.718262 271.0  900 20 radiant_mid_t3_attack
-4590.590332 -4094.718262 271.0  950 20 radiant_mid_t3_reveal
-4590.590332 -4094.718262 271.0  800 20 radiant_mid_t3_night
-4590.590332 -4094.718262 271.0 1800 20 radiant_mid_t3_day

-6095.428711 1829.980591 271.0  900 20 radiant_top_t1_attack
-6095.428711 1829.980591 271.0  950 20 radiant_top_t1_reveal
-6095.428711 1829.980591 271.0  800 20 radiant_top_t1_night
-6095.428711 1829.980591 271.0 1800 20 radiant_top_t1_day

-6143.422852 -848.383118 271.0  900 20 radiant_top_t2_attack
-6143.422852 -848.383118 271.0  950 20 radiant_top_t2_reveal
-6143.422852 -848.383118 271.0  800 20 radiant_top_t2_night
-6143.422852 -848.383118 271.0 1800 20 radiant_top_t2_day

-6621.996582 -3344.269775 271.0  900 20 radiant_top_t3_attack
-6621.996582 -3344.269775 271.0  950 20 radiant_top_t3_reveal
-6621.996582 -3344.269775 271.0  800 20 radiant_top_t3_night
-6621.996582 -3344.269775 271.0 1800 20 radiant_top_t3_day

4929.157227 -6096.339355 271.0  900 20 radiant_bot_t1_attack
4929.157227 -6096.339355 271.0  950 20 radiant_bot_t1_reveal
4929.157227 -6096.339355 271.0  800 20 radiant_bot_t1_night
4929.157227 -6096.339355 271.0 1800 20 radiant_bot_t1_day

-559.626526 -6112.409180 271.0  900 20 radiant_bot_t2_attack
-559.626526 -6112.409180 271.0  950 20 radiant_bot_t2_reveal
-559.626526 -6112.409180 271.0  800 20 radiant_bot_t2_night
-559.626526 -6112.409180 271.0 1800 20 radiant_bot_t2_day

-3872.104248 -6128.375000 271.0  900 20 radiant_bot_t3_attack
-3872.104248 -6128.375000 271.0  950 20 radiant_bot_t3_reveal
-3872.104248 -6128.375000 271.0  800 20 radiant_bot_t3_night
-3872.104248 -6128.375000 271.0 1800 20 radiant_bot_t3_day

-5677.558594 -4896.202637 271.0  900 20 radiant_mid_t4_1_attack
-5677.558594 -4896.202637 271.0  950 20 radiant_mid_t4_1_reveal
-5677.558594 -4896.202637 271.0  800 20 radiant_mid_t4_1_night
-5677.558594 -4896.202637 271.0 1800 20 radiant_mid_t4_1_day

-5389.955078 -5184.259766 271.0  900 20 radiant_mid_t4_2_attack
-5389.955078 -5184.259766 271.0  950 20 radiant_mid_t4_2_reveal
-5389.955078 -5184.259766 271.0  800 20 radiant_mid_t4_2_night
-5389.955078 -5184.259766 271.0 1800 20 radiant_mid_t4_2_day

1025.597168 307.593628 138.0  900 20 dire_mid_t1_attack
1025.597168 307.593628 138.0  950 20 dire_mid_t1_reveal
1025.597168 307.593628 138.0  800 20 dire_mid_t1_night
1025.597168 307.593628 138.0 1800 20 dire_mid_t1_day

2499.588379 2100.009766 138.0  900 20 dire_mid_t2_attack
2499.588379 2100.009766 138.0  950 20 dire_mid_t2_reveal
2499.588379 2100.009766 138.0  800 20 dire_mid_t2_night
2499.588379 2100.009766 138.0 1800 20 dire_mid_t2_day

4229.157227 3700.582764 271.0  900 20 dire_mid_t3_attack
4229.157227 3700.582764 271.0  950 20 dire_mid_t3_reveal
4229.157227 3700.582764 271.0  800 20 dire_mid_t3_night
4229.157227 3700.582764 271.0 1800 20 dire_mid_t3_day

-4731.061523 6004.507813 271.0  900 20 dire_top_t1_attack
-4731.061523 6004.507813 271.0  950 20 dire_top_t1_reveal
-4731.061523 6004.507813 271.0  800 20 dire_top_t1_night
-4731.061523 6004.507813 271.0 1800 20 dire_top_t1_day

5.281479 6004.661621 271.0  900 20 dire_top_t2_attack
5.281479 6004.661621 271.0  950 20 dire_top_t2_reveal
5.281479 6004.661621 271.0  800 20 dire_top_t2_night
5.281479 6004.661621 271.0 1800 20 dire_top_t2_day

3507.300537 5763.931152 271.0  900 20 dire_top_t3_attack
3507.300537 5763.931152 271.0  950 20 dire_top_t3_reveal
3507.300537 5763.931152 271.0  800 20 dire_top_t3_night
3507.300537 5763.931152 271.0 1800 20 dire_top_t3_day

6081.738281 -1676.396118 271.0  900 20 dire_bot_t1_attack
6081.738281 -1676.396118 271.0  950 20 dire_bot_t1_reveal
6081.738281 -1676.396118 271.0  800 20 dire_bot_t1_night
6081.738281 -1676.396118 271.0 1800 20 dire_bot_t1_day
 
6273.175293 243.761963 271.0  900 20 dire_bot_t2_attack
6273.175293 243.761963 271.0  950 20 dire_bot_t2_reveal
6273.175293 243.761963 271.0  800 20 dire_bot_t2_night
6273.175293 243.761963 271.0 1800 20 dire_bot_t2_day

6277.173828 2971.784180 271.0  900 20 dire_bot_t3_attack
6277.173828 2971.784180 271.0  950 20 dire_bot_t3_reveal
6277.173828 2971.784180 271.0  800 20 dire_bot_t3_night
6277.173828 2971.784180 271.0 1800 20 dire_bot_t3_day

5281.198730 4419.785156 271.0  900 20 dire_mid_t4_1_attack
5281.198730 4419.785156 271.0  950 20 dire_mid_t4_1_reveal
5281.198730 4419.785156 271.0  800 20 dire_mid_t4_1_night
5281.198730 4419.785156 271.0 1800 20 dire_mid_t4_1_day

4960.419434 4771.681641 271.0  900 20 dire_mid_t4_2_attack
4960.419434 4771.681641 271.0  950 20 dire_mid_t4_2_reveal
4960.419434 4771.681641 271.0  800 20 dire_mid_t4_2_night
4960.419434 4771.681641 271.0 1800 20 dire_mid_t4_2_day
